10001100000000010000000000000100
10001100000000100000000000001000
00001000000000000000000000000111
00000000000000000000000000000000
00000000000000000000000000000000
10001100000100010000000000000000
10001100000100100000000000000000
10001100000001000000000000000000
10001100000001010000000000000000
00000000000000010010100101000000
00000000001000100010000000100010
00000000000000000000000000000000
00000000000000000000000000000000
00000000000000000000000000000000
00000000000000000000000000000000
00000000000000000000000000000000
00000000000000000000000000000000
00000000000000000000000000000000
00000000000000000000000000000000
00000000000000000000000000000000
00000000000000000000000000000000
00000000000000000000000000000000
00000000000000000000000000000000
00000000000000000000000000000000
00000000000000000000000000000000
00000000000000000000000000000000
00000000000000000000000000000000
00000000000000000000000000000000
00000000000000000000000000000000
00000000000000000000000000000000
00000000000000000000000000000000
00000000000000000000000000000000
00000000000000000000000000000000
00000000000000000000000000000000
